1.0310068130493164
0.0748910903930664
0.07427549362182617
0.07440757751464844
0.07510161399841309
0.07780241966247559
0.07368254661560059
0.11315011978149414
0.07489204406738281
0.07343101501464844
0.07745647430419922
0.07355546951293945
0.08451390266418457
0.0775299072265625
0.09013128280639648
0.07210850715637207
0.11097550392150879
0.07683396339416504
0.07746434211730957
0.07831072807312012
0.0785365104675293
0.11473250389099121
0.08156037330627441
0.11672830581665039
0.0764772891998291
0.07576775550842285
0.07320785522460938
0.10611891746520996
0.08213186264038086
0.09057807922363281
0.11356067657470703
0.07699370384216309
0.07622170448303223
0.0756385326385498
0.0734250545501709
0.09209990501403809
0.11965632438659668
0.07481670379638672
0.07817792892456055
0.10177278518676758
0.07138681411743164
0.12580466270446777
0.07804393768310547
0.07185935974121094
0.07842278480529785
0.08135843276977539
0.07633352279663086
0.10650420188903809
0.08519983291625977
0.07384896278381348
0.11009764671325684
0.11874556541442871
0.07303810119628906
0.08991098403930664
0.08008360862731934
0.07634997367858887
0.09344816207885742
0.08287930488586426
0.11404919624328613
0.12955784797668457
0.07473492622375488
0.0989689826965332
0.07542848587036133
0.10452771186828613
0.09432697296142578
0.07690167427062988
0.08672285079956055
0.07311058044433594
0.08298850059509277
0.07215023040771484
0.0699925422668457
0.07494974136352539
0.10740327835083008
0.11516880989074707
0.07167434692382812
0.08318448066711426
0.07275867462158203
0.08987784385681152
0.10559916496276855
0.07382512092590332
0.0732579231262207
0.11243271827697754
0.08631420135498047
0.11862373352050781
0.1115410327911377
0.0811471939086914
0.12046933174133301
0.07315444946289062
0.07223343849182129
0.07915306091308594
0.10794568061828613
0.08706521987915039
0.08690261840820312
0.07896232604980469
0.10910487174987793
0.07109856605529785
0.07920050621032715
0.11057066917419434
0.07532286643981934
0.07517528533935547
0.10531187057495117
0.07554817199707031
0.08738064765930176
0.0735771656036377
0.07813572883605957
0.07430267333984375
0.07624363899230957
0.07776212692260742
0.07197451591491699
0.07390427589416504
0.08067774772644043
0.07172584533691406
0.0763554573059082
0.07863545417785645
0.09209609031677246
0.07484912872314453
0.07799911499023438
0.11294317245483398
0.0813145637512207
0.0732278823852539
0.07365727424621582
0.08559274673461914
0.07326483726501465
0.11322355270385742
0.07050466537475586
0.11756014823913574
0.07225990295410156
0.07779073715209961
0.10878872871398926
0.07559800148010254
0.07088136672973633
0.0713663101196289
0.07054519653320312
0.07146787643432617
0.07591652870178223
0.12472701072692871
0.08034539222717285
0.07162261009216309
0.10387563705444336
0.07314896583557129
0.07249188423156738
0.07488131523132324
0.11043953895568848
0.07868409156799316
0.07445311546325684
0.08056402206420898
0.07277059555053711
0.08208298683166504
0.07375097274780273
0.07502079010009766
0.07953190803527832
0.11428022384643555
0.07507681846618652
0.07984542846679688
0.08127784729003906
0.09361529350280762
0.07642650604248047
0.10590791702270508
0.08187532424926758
0.07234621047973633
0.07585430145263672
0.10388803482055664
0.07565951347351074
0.08573698997497559
0.07247447967529297
0.10682559013366699
0.07531952857971191
0.11185622215270996
0.07385849952697754
0.08731627464294434
0.08598899841308594
0.08000445365905762
0.07036995887756348
0.12002992630004883
0.08061075210571289
0.07189798355102539
0.07221484184265137
0.07652735710144043
0.07360100746154785
0.11159706115722656
0.07944703102111816
0.06926202774047852
0.11673545837402344
0.07095050811767578
0.07583498954772949
0.08706545829772949
0.07578873634338379
0.0700235366821289
0.07267642021179199
0.07244157791137695
0.0771172046661377
0.10605597496032715
0.10987186431884766
0.07087945938110352
0.06863975524902344
0.07888960838317871
0.09649443626403809
0.07318758964538574
0.0717618465423584
0.07686352729797363
0.11708879470825195
0.10433411598205566
0.08424687385559082
0.07462024688720703
0.08416104316711426
0.1350257396697998
0.07313823699951172
0.07573175430297852
0.12982797622680664
0.08296799659729004
0.08863043785095215
0.14846563339233398
0.07541751861572266
0.07867074012756348
0.07428765296936035
0.10178995132446289
0.11264324188232422
0.06774306297302246
0.07457709312438965
0.07064199447631836
0.0731058120727539
0.10527157783508301
0.11241507530212402
0.07140421867370605
0.07439804077148438
0.1217341423034668
0.0722513198852539
0.07580351829528809
0.10905694961547852
0.0818793773651123
0.10915780067443848
0.07756471633911133
0.11010909080505371
0.12865710258483887
0.09003901481628418
0.0748598575592041
0.0761106014251709
0.11192584037780762
0.15284395217895508
0.07037687301635742
0.0765070915222168
0.07266688346862793
0.08700776100158691
0.11107254028320312
0.10877561569213867
0.11149406433105469
0.07718110084533691
0.07305049896240234
0.06822347640991211
0.08718156814575195
0.07062268257141113
0.07254433631896973
0.07390809059143066
0.07371401786804199
0.0775153636932373
0.10889124870300293
0.0817403793334961
0.0921318531036377
0.07254362106323242
0.0765085220336914
0.07249116897583008
0.07583761215209961
0.0733633041381836
0.11351180076599121
0.08531665802001953
0.07246875762939453
0.0776510238647461
0.07404875755310059
0.07430338859558105
0.08900332450866699
0.09414911270141602
0.08070945739746094
0.10923051834106445
0.07879209518432617
0.07331109046936035
0.08801102638244629
0.10814499855041504
0.06959939002990723
0.06874537467956543
0.07513761520385742
0.11848783493041992
0.07286405563354492
0.07014751434326172
0.0799565315246582
0.07132554054260254
0.06870102882385254
0.07461667060852051
0.07380270957946777
0.07625889778137207
0.07459163665771484
0.07187199592590332
0.07168149948120117
0.07156848907470703
0.07092714309692383
0.07781076431274414
0.08230066299438477
0.0994713306427002
0.08059215545654297
0.08499765396118164
0.1092233657836914
0.09023499488830566
0.08459806442260742
0.07147645950317383
0.07269954681396484
0.07939767837524414
0.11972641944885254
0.07676219940185547
0.0715036392211914
0.07089972496032715
0.07197237014770508
0.07365846633911133
0.06892037391662598
0.08587455749511719
0.07507467269897461
0.07172417640686035
0.10448122024536133
0.07839345932006836
0.07308554649353027
0.07289552688598633
0.0788271427154541
0.16049981117248535
0.11016654968261719
0.07286691665649414
0.07105708122253418
0.10933136940002441
0.08488273620605469
0.10599756240844727
0.0697178840637207
0.10892844200134277
0.08043098449707031
0.10493087768554688
0.07361364364624023
0.07638669013977051
0.07589912414550781
0.07075262069702148
0.07108807563781738
0.0726766586303711
0.0729517936706543
0.07445454597473145
0.13664889335632324
0.07405638694763184
0.07143402099609375
0.08962059020996094
0.0734398365020752
0.07248401641845703
0.08885550498962402
0.10428690910339355
0.07253265380859375
0.07314658164978027
0.07643675804138184
0.08112263679504395
0.07655906677246094
0.07142782211303711
0.07668828964233398
0.06977653503417969
0.10833096504211426
0.10389947891235352
0.07309222221374512
0.07382464408874512
0.08035969734191895
0.07891225814819336
0.07481837272644043
0.06870007514953613
0.07144427299499512
0.07700037956237793
0.0706627368927002
0.07485651969909668
0.07994270324707031
0.07478499412536621
0.12444162368774414
0.09473538398742676
0.07168316841125488
0.1101388931274414
0.11217689514160156
0.11536383628845215
0.0714883804321289
0.07334423065185547
0.07302284240722656
0.10917496681213379
0.07811832427978516
0.07427310943603516
0.08140349388122559
0.07001399993896484
0.07402849197387695
0.08926129341125488
0.11633038520812988
0.08610773086547852
0.07756686210632324
0.10289621353149414
0.08394122123718262
0.11261439323425293
0.07424783706665039
0.07337570190429688
0.1039736270904541
0.12498331069946289
0.0732884407043457
0.0713050365447998
0.0829629898071289
0.14222049713134766
0.08373641967773438
0.07123374938964844
0.07542991638183594
0.0917658805847168
0.08642983436584473
0.08759045600891113
0.11046886444091797
0.07437419891357422
0.10176920890808105
0.07300257682800293
0.0772557258605957
0.10620284080505371
0.07189059257507324
0.07773709297180176
0.10506057739257812
0.06746578216552734
0.06922292709350586
0.10977625846862793
0.09547877311706543
0.07327628135681152
0.10052323341369629
0.06846356391906738
0.10430312156677246
0.0822451114654541
0.06955790519714355
0.07703351974487305
0.07357907295227051
0.07077813148498535
0.07030200958251953
0.0932769775390625
0.0679483413696289
0.0720064640045166
0.0729060173034668
0.08549928665161133
0.10463190078735352
0.10886096954345703
0.10643935203552246
0.07464838027954102
0.07435488700866699
0.11299967765808105
0.07698369026184082
0.10865402221679688
0.10830163955688477
0.07464957237243652
0.07516765594482422
0.0722663402557373
0.07367920875549316
0.07248640060424805
0.08317375183105469
0.07949495315551758
0.07157635688781738
0.08050179481506348
0.07538461685180664
0.07551312446594238
0.07797837257385254
0.07675480842590332
0.07277512550354004
0.11842823028564453
0.0849769115447998
0.13495326042175293
0.10642743110656738
0.10813188552856445
0.0847923755645752
0.11626625061035156
0.08440256118774414
0.10988163948059082
0.0766751766204834
0.1148984432220459
0.078887939453125
0.10606193542480469
0.07492399215698242
0.07613635063171387
0.08162856101989746
0.07177138328552246
0.07265591621398926
0.08314824104309082
0.07169866561889648
0.08942031860351562
0.08135581016540527
0.07227754592895508
0.07791829109191895
0.07651543617248535
0.07448267936706543
0.11102008819580078
0.09422063827514648
0.10640311241149902
0.10735416412353516
0.11636519432067871
0.07683777809143066
0.07832098007202148
0.07320761680603027
0.07225418090820312
0.09201884269714355
0.0799112319946289
0.07329463958740234
0.07317304611206055
0.08531069755554199
0.07148265838623047
0.07192587852478027
0.12241721153259277
0.07525873184204102
