2.657123565673828
0.02916550636291504
0.02669358253479004
0.027949810028076172
0.027344942092895508
0.028115034103393555
0.0299680233001709
0.02914595603942871
0.028304100036621094
0.027476072311401367
0.027438640594482422
0.03292560577392578
0.02777576446533203
0.031194686889648438
0.030612707138061523
0.02740621566772461
0.03278923034667969
0.028149127960205078
0.02728438377380371
0.028740882873535156
0.028141498565673828
0.029176950454711914
0.02896714210510254
0.02738475799560547
0.029019832611083984
0.029140710830688477
0.027782440185546875
0.027005434036254883
0.027292490005493164
0.02851414680480957
0.027408361434936523
0.029067039489746094
0.02818751335144043
0.027069807052612305
0.03130793571472168
0.027917861938476562
0.028224468231201172
0.028352737426757812
0.029881715774536133
0.028166770935058594
0.027448654174804688
0.025722503662109375
0.027492761611938477
0.027458906173706055
0.028639793395996094
0.02754664421081543
0.028493404388427734
0.0281524658203125
0.02922677993774414
0.027632951736450195
0.030684471130371094
0.027997493743896484
0.03018975257873535
0.02698993682861328
0.028045654296875
0.028731584548950195
0.02780294418334961
0.02864694595336914
0.04021787643432617
0.028383970260620117
0.02756524085998535
0.026079654693603516
0.027355670928955078
0.06627964973449707
0.027737140655517578
0.05718636512756348
0.0832831859588623
0.04470086097717285
0.025468826293945312
0.025865554809570312
0.0270538330078125
0.027004003524780273
0.026601076126098633
0.027846336364746094
0.027389049530029297
0.02694988250732422
0.02672100067138672
0.028060436248779297
0.027395009994506836
0.026221513748168945
0.02761983871459961
0.025991439819335938
0.02811884880065918
0.027927160263061523
0.025792837142944336
0.027334928512573242
0.025496244430541992
0.02748703956604004
0.02729654312133789
0.026932954788208008
0.027508020401000977
0.027177810668945312
0.026282310485839844
0.029661178588867188
0.02604961395263672
0.028496265411376953
0.02739429473876953
0.02646493911743164
0.02615666389465332
0.026807785034179688
0.026295185089111328
0.02762770652770996
0.025608062744140625
0.026937246322631836
0.026237010955810547
0.02676677703857422
0.02771282196044922
0.026387691497802734
0.026793479919433594
0.02715587615966797
0.03306269645690918
0.02718067169189453
0.0276029109954834
0.027133703231811523
0.026335716247558594
0.02566361427307129
0.026116609573364258
0.025067567825317383
0.03043365478515625
0.02765679359436035
0.027179956436157227
0.025914669036865234
0.026932477951049805
0.02819061279296875
0.027606964111328125
0.0272064208984375
0.02803945541381836
0.02685379981994629
0.026491880416870117
0.028013229370117188
0.02670454978942871
0.029118061065673828
0.02660083770751953
0.027951717376708984
0.027649402618408203
0.028676271438598633
0.0269625186920166
0.028492212295532227
0.02649235725402832
0.03169083595275879
0.02780461311340332
0.026298999786376953
0.027919769287109375
0.02817988395690918
0.027806997299194336
0.025887250900268555
0.027403831481933594
0.027392864227294922
0.028683900833129883
0.029089689254760742
0.027938365936279297
0.027806520462036133
0.02765631675720215
0.026964664459228516
0.028975963592529297
0.0284273624420166
0.02734971046447754
0.029189109802246094
0.027656078338623047
0.02606987953186035
0.027488231658935547
0.02897810935974121
0.026319265365600586
0.025392532348632812
0.026546001434326172
0.025801420211791992
0.025965452194213867
0.026655197143554688
0.026917695999145508
0.026713132858276367
0.025920391082763672
0.025270938873291016
0.025593996047973633
0.02939462661743164
0.025717973709106445
0.0260770320892334
0.02549004554748535
0.059198617935180664
0.030322551727294922
0.02597522735595703
0.026630401611328125
0.038871049880981445
0.02477717399597168
0.025986194610595703
0.08719635009765625
0.025774240493774414
0.02580857276916504
0.025412797927856445
0.026392459869384766
0.02771615982055664
0.04241490364074707
0.026964664459228516
0.025499582290649414
0.02672886848449707
0.025048255920410156
0.02677464485168457
0.02575993537902832
0.04231834411621094
0.025482177734375
0.025241613388061523
0.027150392532348633
0.027834415435791016
0.02904820442199707
0.02658677101135254
0.0298616886138916
0.052916526794433594
0.026473045349121094
0.026093482971191406
0.06894636154174805
0.02628779411315918
0.024658679962158203
0.029842853546142578
0.02565741539001465
0.02580404281616211
0.02808094024658203
0.02495574951171875
0.02613091468811035
0.026028871536254883
0.02579331398010254
0.027360916137695312
0.028152942657470703
0.026121854782104492
0.02563643455505371
0.026387691497802734
0.024375200271606445
0.02657604217529297
0.028253793716430664
0.026133060455322266
0.025249004364013672
0.027304410934448242
0.025649070739746094
0.025377273559570312
0.027512311935424805
0.02589249610900879
0.0269162654876709
0.02594614028930664
0.05242729187011719
0.026185035705566406
0.05623483657836914
0.026135921478271484
0.05069470405578613
0.026477336883544922
0.02644944190979004
0.029277563095092773
0.02904963493347168
0.02575373649597168
0.05445241928100586
0.026021957397460938
0.025580406188964844
0.05883479118347168
0.026792287826538086
0.02539658546447754
0.029476642608642578
0.025508880615234375
0.02606678009033203
0.02714252471923828
0.02633833885192871
0.025503873825073242
0.0270540714263916
0.026490449905395508
0.025242328643798828
0.027896404266357422
0.02715897560119629
0.024758577346801758
0.03465008735656738
0.027437448501586914
0.026613950729370117
0.02866649627685547
0.026530027389526367
0.025475025177001953
0.028197765350341797
0.028348445892333984
0.025758981704711914
0.024831533432006836
0.028791189193725586
0.03236651420593262
0.026407241821289062
0.02925276756286621
0.029024362564086914
0.026057958602905273
0.026044845581054688
0.025305747985839844
0.025514841079711914
0.02692556381225586
0.026650667190551758
0.026104450225830078
0.05257844924926758
0.02590632438659668
0.02754497528076172
0.02512383460998535
0.0258333683013916
0.027088403701782227
0.02728581428527832
0.026258230209350586
0.025833845138549805
0.025476694107055664
0.026134014129638672
0.027295827865600586
0.026746511459350586
0.027440547943115234
0.026278972625732422
0.026093244552612305
0.024927616119384766
0.052237749099731445
0.02657771110534668
0.03312110900878906
0.05474591255187988
0.02624654769897461
0.025296926498413086
0.0257875919342041
0.030993223190307617
0.025701522827148438
0.025545835494995117
0.027918338775634766
0.026706695556640625
0.026628732681274414
0.027369260787963867
0.026589393615722656
0.02561354637145996
0.02876114845275879
0.027128934860229492
0.0263059139251709
0.026259899139404297
0.026958465576171875
0.026879072189331055
0.025997161865234375
0.02547144889831543
0.026377439498901367
0.05483198165893555
0.027243852615356445
0.029409408569335938
0.025780200958251953
0.024738788604736328
0.02673959732055664
0.02576160430908203
0.027541637420654297
0.025838613510131836
0.0271146297454834
0.02701258659362793
0.02870011329650879
0.025171279907226562
0.027336597442626953
0.026551485061645508
0.025236129760742188
0.049703359603881836
0.03163790702819824
0.02488231658935547
0.025972843170166016
0.02497243881225586
0.03136253356933594
0.025071144104003906
0.026250839233398438
0.027391433715820312
0.025430679321289062
0.02568984031677246
0.026002883911132812
0.027323484420776367
0.02774834632873535
0.025046825408935547
0.025628089904785156
0.02726006507873535
0.02608466148376465
0.027394533157348633
0.026981830596923828
0.02894878387451172
0.025788307189941406
0.026655197143554688
0.02676987648010254
0.026269197463989258
0.025668621063232422
0.05694389343261719
0.02570629119873047
0.02549576759338379
0.025702476501464844
0.024765491485595703
0.03562521934509277
0.04727816581726074
0.025276660919189453
0.03413891792297363
0.026114940643310547
0.025231361389160156
0.02804732322692871
0.02635931968688965
0.026228904724121094
0.025714635848999023
0.02608799934387207
0.028767108917236328
0.028231382369995117
0.026009321212768555
0.024821043014526367
0.027658939361572266
0.026414155960083008
0.02624058723449707
0.031531572341918945
0.02987194061279297
0.03660011291503906
0.027499675750732422
0.025935649871826172
0.02506732940673828
0.0275118350982666
0.02628493309020996
0.02604365348815918
0.026094913482666016
0.02642965316772461
0.026992321014404297
0.02806854248046875
0.02690601348876953
0.025542020797729492
0.07226991653442383
0.02870798110961914
0.03328514099121094
0.026822566986083984
0.027753829956054688
0.026132822036743164
0.025167226791381836
0.026482582092285156
0.026547670364379883
0.027241230010986328
0.026129484176635742
0.029526948928833008
0.0283052921295166
0.02851724624633789
0.026896238327026367
0.027256250381469727
0.024921655654907227
0.027100801467895508
0.028916120529174805
0.0262906551361084
0.02675175666809082
0.026473283767700195
0.02638554573059082
0.03294086456298828
0.02622056007385254
0.02554607391357422
0.025352954864501953
0.04268145561218262
0.027820348739624023
0.025982379913330078
0.027061939239501953
0.0269620418548584
0.02573847770690918
0.027728796005249023
0.027043581008911133
0.02516794204711914
0.026190519332885742
0.03230166435241699
0.026178836822509766
0.02998495101928711
0.027782917022705078
0.02813124656677246
0.027765750885009766
0.02642965316772461
0.026537418365478516
0.02732229232788086
0.03075098991394043
0.02865743637084961
0.027202844619750977
0.03129911422729492
0.028308868408203125
0.03258252143859863
0.025599241256713867
0.02664661407470703
0.02759099006652832
0.02633047103881836
0.02633070945739746
0.02961277961730957
0.02727484703063965
0.027726411819458008
0.038999319076538086
0.025179624557495117
0.028135061264038086
0.02615499496459961
0.026247024536132812
0.026262283325195312
0.02596902847290039
0.027867555618286133
0.027825593948364258
0.02788996696472168
0.027813434600830078
0.026456832885742188
0.027551651000976562
0.028214693069458008
0.027947425842285156
0.02720046043395996
0.028332233428955078
0.02764749526977539
0.026447057723999023
0.02752852439880371
0.028839588165283203
0.040358781814575195
0.0271148681640625
0.026951074600219727
0.028427600860595703
0.027304649353027344
0.02825188636779785
0.027527809143066406
0.02751302719116211
0.03339982032775879
0.026690959930419922
0.026725053787231445
