0.48004674911499023
0.09881019592285156
0.11092758178710938
0.09906005859375
0.09656786918640137
0.09870266914367676
0.11773562431335449
0.11945009231567383
0.11888408660888672
0.10208487510681152
0.0957021713256836
0.09646034240722656
0.0980372428894043
0.097930908203125
0.10948300361633301
0.0988919734954834
0.09834647178649902
0.09553909301757812
0.09811568260192871
0.09911870956420898
0.10137057304382324
0.11829543113708496
0.12161397933959961
0.11707663536071777
0.1179046630859375
0.10084342956542969
0.12697553634643555
0.09846615791320801
0.12468981742858887
0.11895251274108887
0.1000065803527832
0.12122488021850586
0.11564779281616211
0.11047101020812988
0.11645197868347168
0.1381514072418213
0.1155996322631836
0.09862208366394043
0.09629344940185547
0.11644387245178223
0.09662079811096191
0.11651015281677246
0.09649896621704102
0.09785771369934082
0.09795594215393066
0.10048151016235352
0.10138845443725586
0.0963590145111084
0.1187291145324707
0.10000824928283691
0.0968177318572998
0.0959928035736084
0.09745216369628906
0.0968329906463623
0.12418389320373535
0.10942935943603516
0.0982670783996582
0.09650206565856934
0.1003272533416748
0.12505340576171875
0.09655594825744629
0.09726881980895996
0.11831498146057129
0.09347343444824219
0.12392330169677734
0.09465694427490234
0.1149899959564209
0.09473156929016113
0.12274789810180664
0.09590601921081543
0.09463238716125488
0.11550021171569824
0.10739922523498535
0.09722304344177246
0.09740090370178223
0.12438488006591797
0.09663796424865723
0.09466838836669922
0.09667420387268066
0.09885120391845703
0.10968232154846191
0.0962824821472168
0.09875202178955078
0.09610724449157715
0.09413623809814453
0.0984952449798584
0.09778881072998047
0.09623551368713379
0.09575343132019043
0.11540007591247559
0.0999610424041748
0.11660265922546387
0.09717202186584473
0.11619687080383301
0.11549258232116699
0.11853575706481934
0.09896421432495117
0.09448838233947754
0.09467267990112305
0.09555649757385254
0.11467385292053223
0.09704971313476562
0.11468696594238281
0.12514567375183105
0.09659409523010254
0.09599709510803223
0.11501121520996094
0.11902904510498047
0.09658932685852051
0.09757614135742188
0.11602544784545898
0.11403965950012207
0.116485595703125
0.11640286445617676
0.09772992134094238
0.09438776969909668
0.09352397918701172
0.12455511093139648
0.09453248977661133
0.09565091133117676
0.11481237411499023
0.09747099876403809
0.0948023796081543
0.09580469131469727
0.0986473560333252
0.09427595138549805
0.09555768966674805
0.12468504905700684
0.11260294914245605
0.12441730499267578
0.09547615051269531
0.11514782905578613
0.09768557548522949
0.09385490417480469
0.09571290016174316
0.09716224670410156
0.1203310489654541
0.0943293571472168
0.09543371200561523
0.11989903450012207
0.1318066120147705
0.09561038017272949
0.11686515808105469
0.11588859558105469
0.09569120407104492
0.0968015193939209
0.11829233169555664
0.11894989013671875
0.09754776954650879
0.10013866424560547
0.09691023826599121
0.10063576698303223
0.09812569618225098
0.09686684608459473
0.12555575370788574
0.0968778133392334
0.09677767753601074
0.11494135856628418
0.10740351676940918
0.1130826473236084
0.10816478729248047
0.13930058479309082
0.09278082847595215
0.11777138710021973
0.09477591514587402
0.10434293746948242
0.09461474418640137
0.09255647659301758
0.10228347778320312
0.09426379203796387
0.09467601776123047
0.09412360191345215
0.11209750175476074
0.09631943702697754
0.12760281562805176
0.09517240524291992
0.09549331665039062
0.11475896835327148
0.09821009635925293
0.09625053405761719
0.11623239517211914
0.10061955451965332
0.11708235740661621
0.09649014472961426
0.09510922431945801
0.09851622581481934
0.09603071212768555
0.09699320793151855
0.09651708602905273
0.09803390502929688
0.09818696975708008
0.09578609466552734
0.09660148620605469
0.09475326538085938
0.11054801940917969
0.0958716869354248
0.0966806411743164
0.09635472297668457
0.11579775810241699
0.09754443168640137
0.0978846549987793
0.09486150741577148
0.09609460830688477
0.0966939926147461
0.10980939865112305
0.15651965141296387
0.1354062557220459
0.15081262588500977
0.1571793556213379
0.14243316650390625
0.151747465133667
0.15285468101501465
0.09647870063781738
0.09610843658447266
0.11862063407897949
0.09609794616699219
0.12083745002746582
0.0952754020690918
0.12222790718078613
0.0949394702911377
0.0967092514038086
0.09495210647583008
0.0981745719909668
0.09742045402526855
0.12765097618103027
0.09454727172851562
0.09525418281555176
0.09913134574890137
0.11621689796447754
0.1338667869567871
0.09380030632019043
0.09595322608947754
0.09282112121582031
0.12552428245544434
0.09595966339111328
0.11706972122192383
0.09520292282104492
0.09320592880249023
0.09847760200500488
0.12378787994384766
0.09809017181396484
0.1177668571472168
0.12416887283325195
0.0983126163482666
0.09537816047668457
0.0977327823638916
0.11629796028137207
0.09719061851501465
0.1205909252166748
0.09508037567138672
0.11707139015197754
0.1160421371459961
0.12273359298706055
0.09613561630249023
0.09734511375427246
0.09710931777954102
0.0941314697265625
0.11747312545776367
0.11689257621765137
0.12386059761047363
0.09567046165466309
0.132582426071167
0.09895491600036621
0.09600472450256348
0.09486079216003418
0.12446236610412598
0.11520981788635254
0.11571526527404785
0.0990145206451416
0.09725379943847656
0.11326932907104492
0.09477353096008301
0.0986628532409668
0.11710834503173828
0.09860467910766602
0.09250116348266602
0.10688161849975586
0.11451911926269531
0.11501049995422363
0.09430170059204102
0.10190439224243164
0.13968443870544434
0.12407755851745605
0.12643790245056152
0.09511423110961914
0.09644055366516113
0.12439227104187012
0.12594199180603027
0.09589433670043945
0.09796977043151855
0.11511015892028809
0.09272408485412598
0.09640240669250488
0.09305834770202637
0.09957075119018555
0.0989980697631836
0.09341597557067871
0.09670877456665039
0.11434173583984375
0.09372425079345703
0.09601473808288574
0.09656214714050293
0.09560084342956543
0.09435129165649414
0.09466671943664551
0.11988139152526855
0.09554815292358398
0.09456062316894531
0.09680056571960449
0.09894037246704102
0.09376263618469238
0.12292170524597168
0.11464738845825195
0.09526848793029785
0.09686017036437988
0.09713578224182129
0.09521937370300293
0.09456110000610352
0.10060262680053711
0.10761284828186035
0.09588050842285156
0.09756278991699219
0.12979984283447266
0.09587979316711426
0.09480929374694824
0.09483861923217773
0.09792804718017578
0.09532737731933594
0.11689543724060059
0.09576296806335449
0.09475231170654297
0.11492514610290527
0.09289813041687012
0.0959310531616211
0.09500885009765625
0.09650039672851562
0.09547972679138184
0.0975797176361084
0.11982965469360352
0.09896421432495117
0.09694314002990723
0.12437224388122559
0.09258818626403809
0.09694051742553711
0.09516239166259766
0.09803271293640137
0.09589076042175293
0.09590673446655273
0.11755180358886719
0.09645462036132812
0.09564566612243652
0.09779644012451172
0.09651732444763184
0.09676647186279297
0.09808969497680664
0.12426185607910156
0.09319424629211426
0.10085153579711914
0.09438037872314453
0.1148672103881836
0.09592103958129883
0.09683012962341309
0.12458586692810059
0.0979623794555664
0.09547042846679688
0.09729433059692383
0.11572599411010742
0.12338614463806152
0.11137151718139648
0.09410500526428223
0.11658358573913574
0.10998320579528809
0.09504199028015137
0.10068011283874512
0.09613037109375
0.12443041801452637
0.09688258171081543
0.09549164772033691
0.11835527420043945
0.12098050117492676
0.11490011215209961
0.09651517868041992
0.0959157943725586
0.11574554443359375
0.12190651893615723
0.10985660552978516
0.09987330436706543
0.09520769119262695
0.12056541442871094
0.10628318786621094
0.09585356712341309
0.09824419021606445
0.09714007377624512
0.09362077713012695
0.11852860450744629
0.13396263122558594
0.09703946113586426
0.09586977958679199
0.09475874900817871
0.09488511085510254
0.131486177444458
0.11730837821960449
0.10361170768737793
0.12326502799987793
0.11913490295410156
0.09587883949279785
0.11662626266479492
0.11336994171142578
0.09574007987976074
0.09793710708618164
0.09445786476135254
0.09830188751220703
0.11416888236999512
0.09611940383911133
0.09913063049316406
0.09604167938232422
0.11580801010131836
0.09991931915283203
0.09845876693725586
0.09658002853393555
0.12917757034301758
0.126878023147583
0.09313178062438965
0.09458231925964355
0.12460470199584961
0.09872865676879883
0.09965944290161133
0.10536694526672363
0.1152184009552002
0.09602975845336914
0.09529256820678711
0.09530043601989746
0.1314544677734375
0.12123918533325195
0.09415507316589355
0.12293291091918945
0.11362886428833008
0.1059257984161377
0.09412384033203125
0.0974726676940918
0.12040066719055176
0.11384201049804688
0.09722757339477539
0.10468649864196777
0.0995340347290039
0.09330081939697266
0.09814953804016113
0.10284209251403809
0.09526491165161133
0.1177067756652832
0.11410284042358398
0.10016179084777832
0.11649060249328613
0.10538649559020996
0.10433483123779297
0.09875917434692383
0.09585356712341309
0.09615445137023926
0.09686565399169922
0.11365771293640137
0.0951998233795166
0.12364459037780762
0.09339356422424316
0.12327170372009277
0.10482954978942871
0.13114404678344727
0.12942171096801758
0.14019036293029785
0.11572837829589844
0.11947202682495117
0.10286498069763184
0.11567544937133789
0.1100156307220459
0.09658122062683105
0.09456157684326172
0.09907102584838867
0.1262664794921875
0.09630036354064941
0.09594106674194336
0.11765408515930176
0.09390830993652344
0.09720540046691895
0.11569404602050781
0.09601497650146484
0.12503790855407715
0.11776137351989746
0.11674690246582031
0.09626317024230957
0.11472129821777344
0.1250748634338379
0.1163480281829834
0.09559869766235352
0.10145449638366699
0.1235969066619873
0.09496140480041504
0.11650991439819336
0.12556815147399902
0.09722685813903809
0.11562967300415039
0.09897375106811523
