0.06064128875732422
0.04080772399902344
0.0179288387298584
0.057739973068237305
0.017827510833740234
0.0540766716003418
0.04707956314086914
0.06212306022644043
0.018168926239013672
0.03520345687866211
0.01981639862060547
0.06051158905029297
0.05882430076599121
0.02243518829345703
0.04566383361816406
0.041863203048706055
0.04920840263366699
0.04127168655395508
0.04012155532836914
0.016341209411621094
0.01802992820739746
0.07609891891479492
0.01790022850036621
0.05024290084838867
0.06000852584838867
0.043210744857788086
0.020539522171020508
0.014414310455322266
0.057582855224609375
0.06183600425720215
0.04203081130981445
0.03941822052001953
0.05098915100097656
0.04485583305358887
0.05474495887756348
0.015660762786865234
0.045042991638183594
0.04372453689575195
0.049225568771362305
0.014130592346191406
0.022876501083374023
0.0492703914642334
0.0681295394897461
0.061511993408203125
0.054550886154174805
0.016726255416870117
0.052803993225097656
0.07048773765563965
0.034569740295410156
0.05018353462219238
0.039374351501464844
0.05619001388549805
0.03678464889526367
0.05336499214172363
0.017438411712646484
0.01664900779724121
0.017377138137817383
0.015863656997680664
0.03563427925109863
0.03662824630737305
0.07129931449890137
0.02908015251159668
0.06623506546020508
0.0646820068359375
0.019865989685058594
0.06264829635620117
0.06152844429016113
0.06544041633605957
0.05597376823425293
0.014821052551269531
0.04774212837219238
0.07177972793579102
0.06088542938232422
0.04994058609008789
0.04708576202392578
0.01781487464904785
0.04970502853393555
0.045215606689453125
0.014647483825683594
0.052028656005859375
0.046842098236083984
0.05578494071960449
0.04546070098876953
0.054334163665771484
0.04649972915649414
0.01661515235900879
0.04981064796447754
0.059647560119628906
0.036139726638793945
0.058187007904052734
0.058812856674194336
0.07051420211791992
0.07263445854187012
0.0656273365020752
0.05846118927001953
0.060832977294921875
0.015199899673461914
0.060424089431762695
0.046501874923706055
0.04782271385192871
0.014354228973388672
0.017900705337524414
0.059102773666381836
0.027790546417236328
0.014474868774414062
0.050287485122680664
0.026606321334838867
0.030729055404663086
0.06891298294067383
0.016672134399414062
0.022047996520996094
0.06855463981628418
0.019751310348510742
0.05231213569641113
0.045136213302612305
0.05557560920715332
0.04984617233276367
0.015772342681884766
0.014625310897827148
0.053838253021240234
0.0666189193725586
0.05633354187011719
0.05879950523376465
0.06070375442504883
0.03696727752685547
0.052298545837402344
0.053461551666259766
0.06087946891784668
0.013451099395751953
0.014619827270507812
0.06465768814086914
0.016089916229248047
0.06253409385681152
0.021037578582763672
0.02887558937072754
0.07115530967712402
0.06558704376220703
0.06142830848693848
0.014398336410522461
0.06769680976867676
0.019829273223876953
0.026049137115478516
0.017745256423950195
0.0245819091796875
0.027191162109375
0.06032514572143555
0.05854177474975586
0.057035207748413086
0.018655061721801758
0.017334461212158203
0.018996000289916992
0.06140494346618652
0.056392669677734375
0.05368971824645996
0.05264759063720703
0.030007362365722656
0.05237007141113281
0.04174685478210449
0.05550956726074219
0.01736307144165039
0.030670166015625
0.07246923446655273
0.016056299209594727
0.0706474781036377
0.015767574310302734
0.01600170135498047
0.03876829147338867
0.014617919921875
0.04584074020385742
0.061625003814697266
0.015543222427368164
0.021441221237182617
0.025711536407470703
0.01658773422241211
0.020992279052734375
0.015293121337890625
0.0649256706237793
0.018998146057128906
0.06718730926513672
0.0164949893951416
0.01903057098388672
0.047487497329711914
0.061211585998535156
0.02493119239807129
0.02244091033935547
0.06080484390258789
0.03187727928161621
0.01609516143798828
0.06335926055908203
0.03155231475830078
0.07155132293701172
0.015465736389160156
0.06894659996032715
0.053339481353759766
0.01500701904296875
0.015369176864624023
0.0657966136932373
0.051489830017089844
0.014757156372070312
0.07329678535461426
0.03199362754821777
0.09415388107299805
0.05121183395385742
0.0203399658203125
0.01658773422241211
0.014263391494750977
0.06608891487121582
0.022768259048461914
0.0651848316192627
0.016499757766723633
0.017591476440429688
0.016045331954956055
0.0717933177947998
0.02774643898010254
0.06919217109680176
0.01622915267944336
0.08225202560424805
0.028217315673828125
0.04810595512390137
0.040389060974121094
0.020910263061523438
0.035588979721069336
0.05964326858520508
0.029361963272094727
0.04507112503051758
0.0436398983001709
0.06879115104675293
0.06968879699707031
0.014431953430175781
0.06560420989990234
0.014634847640991211
0.017026662826538086
0.06617116928100586
0.029195308685302734
0.0652151107788086
0.025795459747314453
0.01540827751159668
0.045371055603027344
0.06958293914794922
0.05787801742553711
0.06653451919555664
0.0215303897857666
0.04615306854248047
0.0789794921875
0.06025338172912598
0.07173776626586914
0.015205144882202148
0.058269500732421875
0.08025813102722168
0.016180753707885742
0.05007672309875488
0.024682044982910156
0.0680701732635498
0.056468963623046875
0.02646017074584961
0.03208589553833008
0.07111239433288574
0.05430293083190918
0.06957292556762695
0.015588760375976562
0.03425455093383789
0.021032094955444336
0.018468379974365234
0.05324816703796387
0.01632976531982422
0.01642751693725586
0.01416468620300293
0.044924259185791016
0.027718305587768555
0.0452723503112793
0.05543351173400879
0.05320930480957031
0.04740500450134277
0.06591343879699707
0.01802659034729004
0.017386198043823242
0.027845144271850586
0.06934380531311035
0.014753341674804688
0.06504273414611816
0.040010690689086914
0.025382280349731445
0.05457925796508789
0.028808116912841797
0.02994561195373535
0.015515565872192383
0.04012179374694824
0.02343273162841797
0.06643319129943848
0.02901172637939453
0.030565261840820312
0.06434750556945801
0.036429405212402344
0.014260292053222656
0.06903266906738281
0.056446075439453125
0.02080988883972168
0.019715547561645508
0.037518978118896484
0.06643104553222656
0.0598299503326416
0.014802694320678711
0.06650137901306152
0.015626192092895508
0.023051977157592773
0.06711101531982422
0.05041790008544922
0.014154911041259766
0.04858255386352539
0.06951498985290527
0.06506514549255371
0.07064032554626465
0.04565572738647461
0.060216665267944336
0.0648188591003418
0.05012249946594238
0.026502370834350586
0.014344215393066406
0.02485966682434082
0.01843547821044922
0.07080459594726562
0.06664490699768066
0.04638981819152832
0.0682830810546875
0.06938767433166504
0.02124166488647461
0.06883811950683594
0.038846492767333984
0.014832019805908203
0.01563572883605957
0.05061030387878418
0.05344891548156738
0.015680313110351562
0.01870441436767578
0.02116250991821289
0.06581258773803711
0.04860091209411621
0.07471990585327148
0.02040266990661621
0.05020928382873535
0.06945276260375977
0.01553654670715332
0.0216829776763916
0.01518106460571289
0.0627291202545166
0.05182290077209473
0.015362739562988281
0.014549970626831055
0.014429807662963867
0.027349233627319336
0.05709671974182129
0.015590190887451172
0.021935701370239258
0.015616416931152344
0.020823955535888672
0.014945030212402344
0.014594554901123047
0.05625152587890625
0.06725239753723145
0.06508469581604004
0.02288341522216797
0.029036283493041992
0.04491591453552246
0.04673290252685547
0.06093120574951172
0.06750726699829102
0.03560805320739746
0.04575681686401367
0.0623631477355957
0.02114272117614746
0.03484821319580078
0.01562809944152832
0.017550230026245117
0.06679916381835938
0.01856684684753418
0.04661893844604492
0.06731915473937988
0.08592700958251953
0.03011035919189453
0.045049428939819336
0.04578232765197754
0.05697774887084961
0.020110368728637695
0.07224130630493164
0.02454853057861328
0.05800509452819824
0.06959676742553711
0.06610679626464844
0.022955656051635742
0.02201557159423828
0.02776479721069336
0.055068016052246094
0.07218527793884277
0.014606475830078125
0.06796455383300781
0.023200511932373047
0.024218082427978516
0.025125741958618164
0.01653742790222168
0.021835803985595703
0.026785612106323242
0.017250776290893555
0.014830350875854492
0.0418086051940918
0.01591038703918457
0.01849818229675293
0.055655717849731445
0.014974832534790039
0.06659126281738281
0.05316162109375
0.06977987289428711
0.02362823486328125
0.02073383331298828
0.015013694763183594
0.06833815574645996
0.01696038246154785
0.014399528503417969
0.013722419738769531
0.06057286262512207
0.03684091567993164
0.04649209976196289
0.04747200012207031
0.01978135108947754
0.05684542655944824
0.06856441497802734
0.05266523361206055
0.08886528015136719
0.06958436965942383
0.015515565872192383
0.05230259895324707
0.01565074920654297
0.01584005355834961
0.06690073013305664
0.015496969223022461
0.016204357147216797
0.06533050537109375
0.058354854583740234
0.014896631240844727
0.04197955131530762
0.018508434295654297
0.051080942153930664
0.06831836700439453
0.06536149978637695
0.024120330810546875
0.04030251502990723
0.016195297241210938
0.07448148727416992
0.016088008880615234
0.015610456466674805
0.05135059356689453
0.016751766204833984
0.05281639099121094
0.027339696884155273
0.019083261489868164
0.015497922897338867
0.016384124755859375
0.058803558349609375
0.016402721405029297
0.015625
0.06619429588317871
0.024439096450805664
0.014542102813720703
0.059377431869506836
0.05417513847351074
0.051308631896972656
0.04692220687866211
0.07208967208862305
0.06051826477050781
0.07533073425292969
0.016046762466430664
0.06783056259155273
0.07112431526184082
0.014716148376464844
0.05502200126647949
0.024073123931884766
0.014771699905395508
0.06229805946350098
0.017282724380493164
0.052454471588134766
0.019141674041748047
0.0581517219543457
0.06088566780090332
0.07073545455932617
0.015204429626464844
0.015643835067749023
0.014528989791870117
0.06354713439941406
0.05808591842651367
0.08019852638244629
0.0417938232421875
0.019643068313598633
0.0688779354095459
0.016193151473999023
0.059241533279418945
0.021467208862304688
0.056961774826049805
0.03598332405090332
0.02045154571533203
0.0688166618347168
0.014241456985473633
