0.10474419593811035
0.1262657642364502
0.10312938690185547
0.1251053810119629
0.09930801391601562
0.10585498809814453
0.11861062049865723
0.12228703498840332
0.10051727294921875
0.12497568130493164
0.13477301597595215
0.10071969032287598
0.13036131858825684
0.10302543640136719
0.12260031700134277
0.1027519702911377
0.1042318344116211
0.10347199440002441
0.10224342346191406
0.10265016555786133
0.11526894569396973
0.10350275039672852
0.10611724853515625
0.10367107391357422
0.12842249870300293
0.12849092483520508
0.12392997741699219
0.10767889022827148
0.12567973136901855
0.12684965133666992
0.10276579856872559
0.10310506820678711
0.12481164932250977
0.10293769836425781
0.10165190696716309
0.10230278968811035
0.12247180938720703
0.11542892456054688
0.15760254859924316
0.09984803199768066
0.10129022598266602
0.09880304336547852
0.10282325744628906
0.10286307334899902
0.12564873695373535
0.1147308349609375
0.10230326652526855
0.11394548416137695
0.10172700881958008
0.10504794120788574
0.10057401657104492
0.09750866889953613
0.10231423377990723
0.12669134140014648
0.1325693130493164
0.12818288803100586
0.12513232231140137
0.12633132934570312
0.10859251022338867
0.1253032684326172
0.09902644157409668
0.0984354019165039
0.1006479263305664
0.12370109558105469
0.12874627113342285
0.12487387657165527
0.09907031059265137
0.09833621978759766
0.0987551212310791
0.1345667839050293
0.10337948799133301
0.09968161582946777
0.09930825233459473
0.09961891174316406
0.12449169158935547
0.1278374195098877
0.12436103820800781
0.1033332347869873
0.11047673225402832
0.10051918029785156
0.10043120384216309
0.09913277626037598
0.1273031234741211
0.12861275672912598
0.10523700714111328
0.12338733673095703
0.10444259643554688
0.09901928901672363
0.09992504119873047
0.11066102981567383
0.1134183406829834
0.12116694450378418
0.12137198448181152
0.11226677894592285
0.12123394012451172
0.12611651420593262
0.09986400604248047
0.10518360137939453
0.1019129753112793
0.1092536449432373
0.0981740951538086
0.09955096244812012
0.1262516975402832
0.09925985336303711
0.12511420249938965
0.09983539581298828
0.09892511367797852
0.10242819786071777
0.11835765838623047
0.12394213676452637
0.1004633903503418
0.1217954158782959
0.09956097602844238
0.0961005687713623
0.10563921928405762
0.10288882255554199
0.10619974136352539
0.12545323371887207
0.10471272468566895
0.09738373756408691
0.11309671401977539
0.0980370044708252
0.12760281562805176
0.0982973575592041
0.09696269035339355
0.14200210571289062
0.09737300872802734
0.10356998443603516
0.12170171737670898
0.09881734848022461
0.11321020126342773
0.1129758358001709
0.09841609001159668
0.10358333587646484
0.1200563907623291
0.10081028938293457
0.10282206535339355
0.11711001396179199
0.13278675079345703
0.12342119216918945
0.1049203872680664
0.10242366790771484
0.10844564437866211
0.1233062744140625
0.10840559005737305
0.12055611610412598
0.12031412124633789
0.1039726734161377
0.1076059341430664
0.13058233261108398
0.10350370407104492
0.10212469100952148
0.10051393508911133
0.13898611068725586
0.1025688648223877
0.10290384292602539
0.12558865547180176
0.09790372848510742
0.10829639434814453
0.0950775146484375
0.09918737411499023
0.11894440650939941
0.09689998626708984
0.09524750709533691
0.09749102592468262
0.09759688377380371
0.09820961952209473
0.09591078758239746
0.11844921112060547
0.09423685073852539
0.09790515899658203
0.09869742393493652
0.09600353240966797
0.1327497959136963
0.09585857391357422
0.09556961059570312
0.12270355224609375
0.09555840492248535
0.09614157676696777
0.12456297874450684
0.0969247817993164
0.12271738052368164
0.0975184440612793
0.09537148475646973
0.09839391708374023
0.09734010696411133
0.12614011764526367
0.11683535575866699
0.1049196720123291
0.12786316871643066
0.0980064868927002
0.09503364562988281
0.09419107437133789
0.0972738265991211
0.09739255905151367
0.12012767791748047
0.10680699348449707
0.10633230209350586
0.09917092323303223
0.11874151229858398
0.10051965713500977
0.09626388549804688
0.11849331855773926
0.2587010860443115
0.0996243953704834
0.12335515022277832
0.0966031551361084
0.1580338478088379
0.09892559051513672
0.11979007720947266
0.15537548065185547
0.1400587558746338
0.11400079727172852
0.09823012351989746
0.09836864471435547
0.11783432960510254
0.09739899635314941
0.1037285327911377
0.11658239364624023
0.09829831123352051
0.09439253807067871
0.09817004203796387
0.09688735008239746
0.09908890724182129
0.09579038619995117
0.09460115432739258
0.09722089767456055
0.10660004615783691
0.09680724143981934
0.10845565795898438
0.10736489295959473
0.10012245178222656
0.10022902488708496
0.09575319290161133
0.11565351486206055
0.09973549842834473
0.09708571434020996
0.09667778015136719
0.09760069847106934
0.12206697463989258
0.09788846969604492
0.11246800422668457
0.11845040321350098
0.09558820724487305
0.12061905860900879
0.0947103500366211
0.10049033164978027
0.0985414981842041
0.11429738998413086
0.09652590751647949
0.0959618091583252
0.09613943099975586
0.10099244117736816
0.0971231460571289
0.09794878959655762
0.09757065773010254
0.10175871849060059
0.11865735054016113
0.11616325378417969
0.10266947746276855
0.09752011299133301
0.09659385681152344
0.09676814079284668
0.12025761604309082
0.0980827808380127
0.11496353149414062
0.12001633644104004
0.10005331039428711
0.12056875228881836
0.11975431442260742
0.09814786911010742
0.09682035446166992
0.10324573516845703
0.09886384010314941
0.09506034851074219
0.09514117240905762
0.09589505195617676
0.0992424488067627
0.0985713005065918
0.09710383415222168
0.11869144439697266
0.09831500053405762
0.09818506240844727
0.10743904113769531
0.12344527244567871
0.09700489044189453
0.11309003829956055
0.12038183212280273
0.09755730628967285
0.12273097038269043
0.11664938926696777
0.09407377243041992
0.12201261520385742
0.11514830589294434
0.09754729270935059
0.09533023834228516
0.10057950019836426
0.11571168899536133
0.11359333992004395
0.12233400344848633
0.09777951240539551
0.11992812156677246
0.09533286094665527
0.09652352333068848
0.0982058048248291
0.09848761558532715
0.09781646728515625
0.09990930557250977
0.09656167030334473
0.10155892372131348
0.10224008560180664
0.10228347778320312
0.1043546199798584
0.09550786018371582
0.09518957138061523
0.09625101089477539
0.09723806381225586
0.09857010841369629
0.09801983833312988
0.0991208553314209
0.09771037101745605
0.11492705345153809
0.0971369743347168
0.09515047073364258
0.09672951698303223
0.09994339942932129
0.09734153747558594
0.09670424461364746
0.09616518020629883
0.09938192367553711
0.12111878395080566
0.09817028045654297
0.09434914588928223
0.09716486930847168
0.13573098182678223
0.09868240356445312
0.11806416511535645
0.09632492065429688
0.13106870651245117
0.09583091735839844
0.10093450546264648
0.1022796630859375
0.09990072250366211
0.0974280834197998
0.09473657608032227
0.11384868621826172
0.10816478729248047
0.09879946708679199
0.0984950065612793
0.09809565544128418
0.09581708908081055
0.10288333892822266
0.09380435943603516
0.09792709350585938
0.0983426570892334
0.0977029800415039
0.11133909225463867
0.0952763557434082
0.09619998931884766
0.09789705276489258
0.11897706985473633
0.09782218933105469
0.10554933547973633
0.10053420066833496
0.11524820327758789
0.09891939163208008
0.09628772735595703
0.1279747486114502
0.12239694595336914
0.11458635330200195
0.09598278999328613
0.09742283821105957
0.09897398948669434
0.09796357154846191
0.09694170951843262
0.09567451477050781
0.09733104705810547
0.09374880790710449
0.1178286075592041
0.13523101806640625
0.09625530242919922
0.09660100936889648
0.10003662109375
0.09593892097473145
0.09470510482788086
0.09833121299743652
0.1219642162322998
0.09908628463745117
0.09646224975585938
0.1072540283203125
0.09770321846008301
0.11691570281982422
0.12334799766540527
0.09558916091918945
0.10072064399719238
0.09904766082763672
0.11668848991394043
0.0948178768157959
0.09801959991455078
0.10870170593261719
0.09394550323486328
0.09404635429382324
0.09536933898925781
0.12013816833496094
0.10776519775390625
0.09670066833496094
0.10397052764892578
0.11686301231384277
0.09720730781555176
0.09788918495178223
0.09809160232543945
0.09749817848205566
0.09896206855773926
0.09925651550292969
0.10067343711853027
0.11607050895690918
0.09709763526916504
0.09851193428039551
0.09849309921264648
0.09678506851196289
0.09627127647399902
0.0952751636505127
0.12338447570800781
0.10105061531066895
0.09636235237121582
0.09470129013061523
0.10074901580810547
0.09994029998779297
0.09677243232727051
0.0962986946105957
0.11387038230895996
0.10004186630249023
0.10066771507263184
0.09873151779174805
0.09607338905334473
0.10034871101379395
0.096710205078125
0.09625816345214844
0.11992096900939941
0.09816622734069824
0.12316060066223145
0.12962079048156738
0.09879112243652344
0.11167597770690918
0.10274338722229004
0.10319900512695312
0.12060856819152832
0.10108017921447754
0.09737992286682129
0.09705948829650879
0.1236732006072998
0.1239020824432373
0.10496878623962402
0.10855269432067871
0.10669279098510742
0.12218356132507324
0.09774565696716309
0.09687042236328125
0.09888553619384766
0.10703134536743164
0.12191057205200195
0.12835216522216797
0.12507200241088867
0.1216573715209961
0.13486194610595703
0.13598275184631348
0.14014959335327148
0.16254448890686035
0.10149049758911133
0.10254573822021484
0.10256004333496094
0.09816884994506836
0.09834766387939453
0.10174822807312012
0.1051325798034668
0.10207152366638184
0.10176944732666016
0.12505531311035156
0.13114690780639648
0.10215330123901367
0.09920167922973633
0.10432291030883789
0.13065719604492188
0.09921813011169434
0.12475037574768066
0.10730195045471191
0.10227727890014648
0.10395956039428711
0.09995913505554199
0.10134029388427734
0.10171270370483398
0.10215497016906738
0.10373616218566895
0.10107111930847168
0.09895825386047363
0.12111377716064453
0.10459542274475098
0.1021738052368164
0.10433244705200195
0.09783101081848145
