1.9419889450073242
0.025101423263549805
0.026067018508911133
0.025518417358398438
0.05019378662109375
0.0265657901763916
0.02838444709777832
0.02546525001525879
0.024111270904541016
0.044632911682128906
0.039749860763549805
0.027704477310180664
0.02513575553894043
0.03118109703063965
0.026177406311035156
0.02733778953552246
0.026466846466064453
0.0249178409576416
0.024846553802490234
0.025375843048095703
0.0329592227935791
0.04295492172241211
0.07316184043884277
0.03932833671569824
0.04004240036010742
0.02561807632446289
0.02483987808227539
0.024963855743408203
0.02444171905517578
0.026780366897583008
0.03192615509033203
0.025800466537475586
0.04073381423950195
0.028630733489990234
0.024943113327026367
0.03638029098510742
0.06180429458618164
0.025419950485229492
0.024250268936157227
0.026051998138427734
0.06655311584472656
0.025444507598876953
0.05803322792053223
0.0247495174407959
0.026121139526367188
0.04073476791381836
0.02599811553955078
0.030189037322998047
0.025881528854370117
0.03216981887817383
0.03901505470275879
0.025101661682128906
0.026307344436645508
0.028385162353515625
0.031748294830322266
0.026996135711669922
0.07161593437194824
0.03225827217102051
0.07530617713928223
0.025562524795532227
0.03411602973937988
0.023984670639038086
0.025252342224121094
0.034880876541137695
0.03979849815368652
0.071380615234375
0.06878948211669922
0.07949304580688477
0.02467036247253418
0.054834604263305664
0.07695674896240234
0.02705669403076172
0.07059192657470703
0.024631500244140625
0.023997068405151367
0.055381059646606445
0.024086475372314453
0.04707932472229004
0.023783445358276367
0.027875423431396484
0.025120258331298828
0.024502277374267578
0.025239229202270508
0.030541181564331055
0.03198647499084473
0.032861948013305664
0.02839064598083496
0.06981348991394043
0.02687358856201172
0.024050235748291016
0.05509757995605469
0.025817155838012695
0.027007341384887695
0.02516794204711914
0.04549765586853027
0.03048992156982422
0.026713132858276367
0.023926496505737305
0.027736663818359375
0.07897353172302246
0.02657294273376465
0.06278157234191895
0.025450706481933594
0.06500387191772461
0.06642532348632812
0.028522968292236328
0.025213003158569336
0.07487869262695312
0.05007433891296387
0.07125711441040039
0.035364627838134766
0.027744293212890625
0.06789469718933105
0.06102347373962402
0.060717105865478516
0.02649068832397461
0.03150033950805664
0.06917285919189453
0.08010101318359375
0.026624202728271484
0.02627110481262207
0.0801229476928711
0.02503514289855957
0.03181719779968262
0.026232242584228516
0.06719708442687988
0.06413483619689941
0.02642226219177246
0.04998159408569336
0.0673372745513916
0.06901383399963379
0.07560873031616211
0.04366898536682129
0.02586221694946289
0.06394481658935547
0.028786420822143555
0.08095645904541016
0.054708242416381836
0.06846046447753906
0.031500816345214844
0.026388168334960938
0.02626490592956543
0.03211498260498047
0.06694817543029785
0.04802441596984863
0.024730443954467773
0.028533935546875
0.026476144790649414
0.027034759521484375
0.06398844718933105
0.031111955642700195
0.026717662811279297
0.027378559112548828
0.027102231979370117
0.0834798812866211
0.045525550842285156
0.024997234344482422
0.031392812728881836
0.070281982421875
0.0357356071472168
0.06110429763793945
0.0700535774230957
0.05041241645812988
0.024951696395874023
0.056165456771850586
0.026155948638916016
0.028428316116333008
0.026822805404663086
0.02444291114807129
0.0630650520324707
0.027240991592407227
0.026549100875854492
0.03129005432128906
0.038484811782836914
0.036563873291015625
0.0437161922454834
0.057041168212890625
0.03482413291931152
0.03682661056518555
0.03727269172668457
0.028308629989624023
0.026320695877075195
0.05720925331115723
0.038355112075805664
0.025806427001953125
0.024728059768676758
0.026875972747802734
0.032160043716430664
0.023941516876220703
0.06535100936889648
0.052640676498413086
0.04871344566345215
0.06006264686584473
0.04978036880493164
0.024530887603759766
0.024887800216674805
0.02997732162475586
0.025162458419799805
0.07323718070983887
0.030412673950195312
0.02664661407470703
0.05480337142944336
0.025734663009643555
0.027588605880737305
0.02772355079650879
0.02545452117919922
0.024796009063720703
0.06542825698852539
0.08524274826049805
0.03746747970581055
0.025170087814331055
0.02628636360168457
0.025410890579223633
0.029204130172729492
0.06655359268188477
0.032796382904052734
0.03522920608520508
0.052466630935668945
0.027751684188842773
0.026026487350463867
0.03101348876953125
0.05083465576171875
0.02313971519470215
0.023485422134399414
0.06258010864257812
0.042845726013183594
0.0540463924407959
0.023316144943237305
0.04127001762390137
0.034398555755615234
0.02647113800048828
0.05964827537536621
0.06996583938598633
0.023829221725463867
0.03486061096191406
0.02501082420349121
0.023558378219604492
0.026227474212646484
0.051778554916381836
0.07213044166564941
0.02671337127685547
0.06491804122924805
0.04035758972167969
0.023654699325561523
0.041654109954833984
0.02673935890197754
0.024350881576538086
0.026785850524902344
0.06080937385559082
0.026243925094604492
0.025031566619873047
0.03377556800842285
0.039129018783569336
0.06865763664245605
0.03494906425476074
0.023484230041503906
0.05884909629821777
0.02381300926208496
0.024602890014648438
0.044356346130371094
0.031708717346191406
0.026090383529663086
0.034171342849731445
0.024190425872802734
0.03166985511779785
0.023301362991333008
0.05875205993652344
0.03260469436645508
0.023907184600830078
0.02344489097595215
0.04682421684265137
0.02679753303527832
0.023881196975708008
0.022735118865966797
0.030484676361083984
0.024591445922851562
0.04128122329711914
0.05859661102294922
0.06572580337524414
0.05165910720825195
0.04932594299316406
0.024476289749145508
0.025784730911254883
0.03824329376220703
0.024495840072631836
0.07742881774902344
0.056183815002441406
0.03926992416381836
0.02851414680480957
0.023064851760864258
0.03785085678100586
0.04320406913757324
0.038066864013671875
0.037256717681884766
0.0253903865814209
0.023203611373901367
0.03096914291381836
0.023737668991088867
0.02714085578918457
0.03708076477050781
0.06828618049621582
0.04303741455078125
0.02965378761291504
0.048322200775146484
0.02734541893005371
0.03846311569213867
0.06276273727416992
0.02346634864807129
0.02363443374633789
0.02412557601928711
0.04120039939880371
0.05816507339477539
0.02388143539428711
0.040346384048461914
0.02385234832763672
0.025032997131347656
0.024075984954833984
0.02311229705810547
0.02682042121887207
0.028792619705200195
0.060597896575927734
0.060919761657714844
0.05874156951904297
0.042531490325927734
0.02374887466430664
0.024588823318481445
0.025364160537719727
0.02382516860961914
0.025191783905029297
0.03743720054626465
0.05918431282043457
0.027753114700317383
0.025389909744262695
0.025195598602294922
0.02419424057006836
0.03885078430175781
0.06368279457092285
0.05876779556274414
0.024586915969848633
0.029965639114379883
0.03121161460876465
0.026791095733642578
0.06947684288024902
0.024336576461791992
0.023866653442382812
0.02536487579345703
0.025055885314941406
0.02364063262939453
0.056656599044799805
0.05475211143493652
0.02658557891845703
0.024872541427612305
0.02618718147277832
0.023288726806640625
0.024875164031982422
0.02392292022705078
0.03560280799865723
0.02716684341430664
0.02498793601989746
0.024572372436523438
0.026365995407104492
0.02468585968017578
0.06103014945983887
0.02977776527404785
0.025476932525634766
0.02330803871154785
0.022678613662719727
0.0232088565826416
0.02624368667602539
0.03293585777282715
0.02594161033630371
0.025023221969604492
0.023886442184448242
0.06350350379943848
0.02546095848083496
0.02435779571533203
0.04936671257019043
0.024184226989746094
0.02527141571044922
0.03535914421081543
0.0266420841217041
0.03746509552001953
0.023535728454589844
0.07537674903869629
0.06970000267028809
0.038840532302856445
0.06679058074951172
0.06231689453125
0.02738642692565918
0.024068593978881836
0.0538938045501709
0.034795284271240234
0.033020734786987305
0.025636911392211914
0.06258797645568848
0.04874086380004883
0.03024744987487793
0.03508949279785156
0.025225400924682617
0.07172012329101562
0.026309490203857422
0.04436182975769043
0.025788545608520508
0.027974605560302734
0.038748741149902344
0.038849592208862305
0.04564642906188965
0.026759862899780273
0.03485298156738281
0.02480602264404297
0.02535843849182129
0.02443385124206543
0.0238955020904541
0.06660270690917969
0.02786540985107422
0.06281018257141113
0.06748223304748535
0.056241512298583984
0.025494813919067383
0.03133559226989746
0.04969596862792969
0.05382513999938965
0.05890226364135742
0.04378151893615723
0.05608820915222168
0.06665396690368652
0.07041668891906738
0.024442195892333984
0.023403644561767578
0.06425142288208008
0.02463984489440918
0.06111884117126465
0.022952795028686523
0.0330348014831543
0.03572249412536621
0.03530550003051758
0.060426950454711914
0.05704975128173828
0.0260312557220459
0.054262399673461914
0.02414560317993164
0.02641773223876953
0.04073953628540039
0.023123979568481445
0.029801130294799805
0.026746034622192383
0.025258302688598633
0.03452444076538086
0.02729320526123047
0.024173259735107422
0.023630142211914062
0.024001598358154297
0.03346824645996094
0.03627896308898926
0.02555370330810547
0.027367591857910156
0.03199052810668945
0.02413034439086914
0.026279449462890625
0.02624368667602539
0.04635334014892578
0.025295734405517578
0.026410818099975586
0.032143354415893555
0.05252504348754883
0.05981326103210449
0.03214573860168457
0.031013965606689453
0.038065195083618164
0.05172395706176758
0.05960893630981445
0.026015520095825195
0.07538127899169922
0.025704622268676758
0.03021836280822754
0.02491283416748047
0.02551579475402832
0.028935670852661133
0.03263044357299805
0.059613943099975586
0.04476118087768555
0.025649070739746094
0.027821779251098633
0.025002479553222656
0.025251388549804688
0.026279211044311523
0.08366584777832031
0.0317990779876709
0.0494532585144043
0.03597664833068848
0.042534828186035156
0.05921173095703125
0.04377269744873047
0.06004810333251953
0.040868520736694336
0.02543163299560547
0.028513669967651367
0.025576353073120117
0.08255910873413086
0.03861427307128906
